leg:
  mass: 0.02022
  com: 0.27 0.00 72.28
  inertia:
    xx: 36.16591
    yy: 36.14791
    zz: 0.24062
    xy: 0.0
    xz: 0.22429
    yz: 0.0
body: 
  mass: 0.26474
  com: -0.48 0.00 54.43
  inertia:
    xx: 216.95577
    yy: 202.44955
    zz: 116.43884
    xy: 0.0
    xz: -9.14748
    yz: 0.0
reactionwheel: 
  mass: 0.01593
  com: 0.00 -5.23 0.00
  inertia:
    xx: 0.14263
    yy: 130.73988
    zz: 130.78638
    xy: 0.0
    xz: 0.0
    yz: 0.0
propeller:
  mass: 0.00046
  com: 0.0 0.0 -0.38
  inertia:
    xx: 0.00145
    yy: 0.07593
    zz: 0.07645
    xy: -0.00065
    xz: 0.0
    yz: 0.0

# m